"t0" <- 0.0
"T" <- 10
"u0" <- structure(c(0.1,0,0
), .Dim=c(3))
"u" <- structure(c(0.12590715010889492,16.222479286954844,-7.6704654217473935,-7.692780003218968,-9.366308900073305,-8.640855565436802,-7.316476230072348,-8.931977058212237,-9.343307822350367,-7.281719146996208,0.24254920612240927,27.563007094671125,-9.052935255876138,-7.0358539317925555,-8.829353180589763,-9.71889640385595,-7.21270334841974,-7.720030382455823,-10.317400232727124,-7.84398883992695,-0.0059429723419253365,23.899245294505594,25.44103702131227,26.890373844111053,28.807053078286085,25.65109649216085,25.751656981814783,29.01445574897207,26.74815037646606,24.73781052945816
), .Dim=c(10, 3))
"ts" <- structure(c(0.1,0.5333333333333333,0.9666666666666667,1.4,1.8333333333333333,2.2666666666666666,2.7,3.1333333333333333,3.566666666666667,4
), .Dim=c(10))
