"t0" <- 0.0
"T" <- 10
"u0" <- structure(c(1,1
), .Dim=c(2))
"u" <- structure(c(2.7608530581479505,6.774954679821446,0.9832391759782754,1.8914606359900832,6.090775203764977,1.3725922860168225,1.324129758889536,4.35944936334053,3.2607020655452925,1.0373962156455945,0.2716544826912632,2.0201364129064223,1.9086884817813559,0.3281941317155753,0.6222513375989029,3.453908119835132,0.4943479882980494,0.3310013714708288,4.545255863863096,0.8974782111991234
), .Dim=c(10, 2))
"ts" <- structure(c(1,2,3,4,5,6,7,8,9,10
), .Dim=c(10))
